      1 -1437
      1 -1426
      1 -1410
      1 -1405
      1 -1395
      1 -1388
      3 -1302
      1 -1298
      1 -1295
      1 -1290
      1 -1287
      1 -1283
      1 -1280
      2 -1279
      1 -1265
      1 -1263
      1 -1258
      1 -1252
      1 -1251
      1 -1243
      1 -1238
      1 -1237
      1 -1236
      1 -1233
      1 -1232
      1 -1228
      1 -1219
      1 -1211
      1 -1208
      1 -1205
      1 -1204
      1 -1194
      1 -1188
      1 -1186
      1 -1185
      1 -1162
      1 -1161
      2 -1156
      1 -1141
      1 -1116
      1 -1089
      1 -1086
      1 -1035
      1 -1019
      2 -1008
      1 -1004
      1 -1000
      1 -991
      1 -989
      1 -988
      1 -987
      1 -985
      1 -978
      1 -975
      1 -974
      1 -973
      1 -972
      1 -968
      1 -967
      1 -966
      1 -965
      1 -964
      1 -960
      1 -954
      1 -953
      1 -951
      1 -950
      2 -945
      1 -942
      1 -939
      1 -937
      1 -932
      1 -931
      2 -929
      1 -928
      1 -926
      1 -914
      1 -912
      1 -910
      1 -908
      2 -907
      1 -905
      1 -899
      1 -885
      2 -884
      1 -874
      1 -864
      1 -853
      1 -852
      1 -851
      1 -838
      1 -835
      1 -834
      1 -833
      1 -832
      1 -830
      2 -829
      1 -828
      1 -827
      1 -825
      1 -823
      1 -822
      1 -818
      1 -814
      1 -813
      1 -812
      1 -804
      1 -802
      1 -795
      2 -794
      1 -793
      1 -790
      1 -780
      1 -779
      1 -778
      1 -776
      1 -770
      1 -768
      1 -767
      1 -761
      1 -754
      1 -751
      1 -748
      1 -741
      1 -735
      1 -729
      1 -721
      1 -720
      1 -719
      3 -715
      2 -710
      1 -708
      1 -706
      2 -702
      1 -699
      1 -693
      2 -692
      1 -690
      1 -688
      1 -687
      2 -676
      1 -673
      1 -672
      1 -667
      1 -665
      2 -664
      1 -661
      1 -660
      1 -658
      2 -652
      1 -649
      1 -616
      1 -614
      1 -610
      1 -608
      1 -607
      2 -599
      1 -595
      1 -592
      1 -590
      1 -588
      1 -582
      1 -579
      1 -575
      1 -574
      2 -568
      1 -564
      1 -562
      1 -559
      1 -554
      2 -551
      1 -549
      1 -536
      1 -521
      1 -520
      1 -519
      1 -515
      1 -502
      1 -489
      1 -486
      1 -480
      1 -475
      1 -474
      1 -469
      1 -466
      1 -453
      1 -451
      1 -436
      1 -434
      1 -426
      1 -412
      2 -411
      1 -405
      1 -392
      1 -387
      1 -386
      1 -378
      1 -377
      2 -370
      1 -350
      1 -338
      1 -336
      3 -325
      1 -323
      1 -320
      1 -317
      1 -312
      2 -311
      1 -310
      1 -308
      1 -303
      1 -298
      1 -290
      1 -289
      1 -284
      1 -283
      1 -272
      1 -266
      1 -263
      2 -258
      1 -257
      1 -251
      2 -245
      2 -240
      1 -236
      1 -230
      1 -228
      2 -227
      1 -221
      2 -212
      1 -207
      1 -205
      2 -203
      1 -201
      1 -199
      1 -198
      2 -197
      1 -196
      2 -195
      1 -194
      2 -192
      1 -189
      1 -188
      2 -186
      2 -185
      1 -183
      2 -175
      1 -172
      1 -170
      1 -169
      1 -168
      1 -167
      2 -165
      2 -162
      2 -160
      1 -158
      4 -157
      1 -155
      1 -149
      1 -148
      1 -147
      1 -146
      2 -145
      3 -144
      4 -143
      2 -142
      2 -140
      1 -139
      3 -138
      3 -137
      1 -136
      6 -135
      3 -134
      1 -132
      2 -131
      4 -130
      5 -129
      3 -128
      6 -127
      6 -126
     12 -125
      2 -124
      4 -123
      6 -122
      4 -121
      9 -120
      3 -119
      1 -118
      1 -117
      1 -116
      2 -115
      3 -114
      6 -113
      1 -112
      2 -111
      7 -110
      4 -109
      7 -108
      4 -107
      3 -106
      3 -105
      1 -104
      3 -103
      2 -102
      4 -101
      3 -100
      2 -99
      9 -98
      6 -97
      6 -96
     11 -95
     10 -94
      9 -93
     13 -92
     13 -91
     19 -90
     14 -89
     10 -88
     18 -87
     32 -86
     26 -85
     34 -84
     31 -83
     41 -82
     45 -81
     66 -80
     52 -79
     66 -78
     76 -77
     92 -76
    129 -75
    124 -74
    143 -73
    185 -72
    193 -71
    264 -70
    269 -69
    333 -68
    376 -67
    436 -66
    532 -65
    550 -64
    717 -63
    787 -62
    941 -61
   1260 -60
   1301 -59
   1596 -58
   1918 -57
   2172 -56
   2818 -55
   2948 -54
   3549 -53
   4291 -52
   4978 -51
   6331 -50
   6999 -49
   8385 -48
  10100 -47
  11799 -46
  15374 -45
  16685 -44
  19738 -43
  23921 -42
  27995 -41
  36489 -40
  39838 -39
  48435 -38
  58097 -37
  68213 -36
  87986 -35
  97786 -34
 117651 -33
 140555 -32
 164662 -31
 214190 -30
 235400 -29
 285254 -28
 338581 -27
 395601 -26
 506068 -25
 557471 -24
 663740 -23
 784365 -22
 901463 -21
1140793 -20
1229029 -19
1443460 -18
1662403 -17
1866779 -16
2316527 -15
2400600 -14
2737906 -13
3058816 -12
3277144 -11
4049940 -10
3866996 -9
4261908 -8
4528090 -7
4543612 -6
5428718 -5
4719238 -4
4888234 -3
4852924 -2
4405957 -1
 610024 
5831078 0
2432830 NA
3817491 1
3883857 2
3695455 3
3337908 4
3481262 5
2845740 6
2714226 7
2520072 8
2246013 9
2314617 10
1899033 11
1842392 12
1709610 13
1687458 14
1429869 15
1221210 16
1181428 17
1111308 18
1010474 19
1048308 20
 877931 21
 850953 22
 794859 23
 724783 24
 758529 25
 637509 26
 621716 27
 586210 28
 535293 29
 566942 30
 479455 31
 469135 32
 446851 33
 412195 34
 436443 35
 372579 36
 367220 37
 350944 38
 325456 39
 347242 40
 297766 41
 294319 42
 283039 43
 262318 44
 283160 45
 244299 46
 242008 47
 233865 48
 217644 49
 235785 50
 203672 51
 202074 52
 197119 53
 184307 54
 198313 55
 173292 56
 172083 57
 166759 58
 156310 59
 171785 60
 148305 61
 148820 62
 144484 63
 136018 64
 146549 65
 129228 66
 128687 67
 125292 68
 118946 69
 127190 70
 112578 71
 112136 72
 109440 73
 103917 74
 111625 75
  98560 76
  98624 77
  96413 78
  91200 79
  98436 80
  86873 81
  86953 82
  84413 83
  80555 84
  86776 85
  76909 86
  77371 87
  75537 88
  72191 89
  76922 90
  68877 91
  68038 92
  66858 93
  63962 94
  68697 95
  61066 96
  61619 97
  59589 98
  57247 99
  61100 100
  54511 101
  54640 102
  53466 103
  51448 104
  54537 105
  49246 106
  48315 107
  48083 108
  45816 109
  49061 110
  44295 111
  44455 112
  42965 113
  41157 114
  44330 115
  39756 116
  40256 117
  38897 118
  37108 119
  40408 120
  35793 121
  36238 122
  34702 123
  33615 124
  36114 125
  32688 126
  32554 127
  31849 128
  30456 129
  32320 130
  29418 131
  29140 132
  28839 133
  27776 134
  29657 135
  26469 136
  26475 137
  25823 138
  25195 139
  26504 140
  24025 141
  23789 142
  23445 143
  22500 144
  23606 145
  22096 146
  21677 147
  21262 148
  20580 149
  21896 150
  19768 151
  20005 152
  19298 153
  18619 154
  19733 155
  17913 156
  17803 157
  17677 158
  17078 159
  17922 160
  16528 161
  16368 162
  16100 163
  15346 164
  16304 165
  14629 166
  14839 167
  14619 168
  13825 169
  14969 170
  13495 171
  13733 172
  13151 173
  12689 174
  13453 175
  12344 176
  12328 177
  12227 178
  11730 179
  12475 180
  11364 181
  11346 182
  11210 183
  10632 184
  11442 185
  10240 186
  10500 187
  10042 188
   9816 189
  10282 190
   9514 191
   9415 192
   9252 193
   8865 194
   9386 195
   8723 196
   8689 197
   8506 198
   8246 199
   8688 200
   7951 201
   7800 202
   7611 203
   7508 204
   7890 205
   7397 206
   7183 207
   7022 208
   6782 209
   7265 210
   6635 211
   6494 212
   6485 213
   6245 214
   6655 215
   6041 216
   6075 217
   5912 218
   5779 219
   6099 220
   5518 221
   5650 222
   5493 223
   5198 224
   5621 225
   5163 226
   5151 227
   5032 228
   4747 229
   5242 230
   4664 231
   4690 232
   4513 233
   4431 234
   4897 235
   4415 236
   4309 237
   4347 238
   4062 239
   4404 240
   3857 241
   4027 242
   3841 243
   3773 244
   3950 245
   3702 246
   3603 247
   3622 248
   3493 249
   3612 250
   3339 251
   3354 252
   3178 253
   3277 254
   3352 255
   3122 256
   3161 257
   3021 258
   2936 259
   3144 260
   2848 261
   2883 262
   2751 263
   2790 264
   2851 265
   2724 266
   2610 267
   2444 268
   2505 269
   2669 270
   2373 271
   2469 272
   2320 273
   2310 274
   2477 275
   2218 276
   2259 277
   2274 278
   2197 279
   2259 280
   2061 281
   2006 282
   2053 283
   1955 284
   2107 285
   1975 286
   1878 287
   1928 288
   1835 289
   1922 290
   1828 291
   1794 292
   1720 293
   1753 294
   1674 295
   1631 296
   1642 297
   1553 298
   1580 299
   1663 300
   1497 301
   1491 302
   1421 303
   1449 304
   1539 305
   1395 306
   1412 307
   1342 308
   1311 309
   1458 310
   1302 311
   1274 312
   1286 313
   1228 314
   1348 315
   1200 316
   1215 317
   1231 318
   1112 319
   1273 320
   1046 321
   1119 322
   1145 323
   1116 324
   1181 325
   1081 326
   1006 327
   1074 328
   1013 329
   1053 330
    988 331
    984 332
    968 333
    906 334
    977 335
    950 336
    914 337
    872 338
    877 339
    909 340
    870 341
    868 342
    829 343
    779 344
    812 345
    775 346
    811 347
    737 348
    730 349
    770 350
    703 351
    738 352
    677 353
    662 354
    743 355
    661 356
    633 357
    672 358
    629 359
    674 360
    643 361
    576 362
    613 363
    594 364
    622 365
    574 366
    589 367
    602 368
    507 369
    597 370
    574 371
    524 372
    549 373
    530 374
    536 375
    491 376
    497 377
    505 378
    514 379
    528 380
    462 381
    476 382
    493 383
    457 384
    502 385
    428 386
    411 387
    465 388
    415 389
    457 390
    429 391
    399 392
    396 393
    372 394
    452 395
    353 396
    377 397
    372 398
    391 399
    401 400
    381 401
    356 402
    346 403
    360 404
    375 405
    332 406
    322 407
    324 408
    314 409
    324 410
    321 411
    359 412
    276 413
    302 414
    305 415
    297 416
    268 417
    289 418
    286 419
    304 420
    273 421
    289 422
    268 423
    267 424
    275 425
    285 426
    217 427
    236 428
    225 429
    275 430
    228 431
    227 432
    226 433
    230 434
    251 435
    232 436
    228 437
    232 438
    252 439
    253 440
    227 441
    220 442
    199 443
    206 444
    202 445
    218 446
    188 447
    191 448
    209 449
    188 450
    182 451
    180 452
    180 453
    174 454
    190 455
    155 456
    160 457
    172 458
    179 459
    206 460
    154 461
    173 462
    180 463
    139 464
    173 465
    165 466
    158 467
    180 468
    133 469
    164 470
    158 471
    143 472
    154 473
    127 474
    154 475
    129 476
    133 477
    136 478
    103 479
    129 480
    122 481
    114 482
    127 483
    119 484
    128 485
    117 486
    120 487
    133 488
    107 489
     94 490
    123 491
    104 492
    118 493
    118 494
    124 495
    118 496
    121 497
    126 498
    109 499
    114 500
    110 501
    108 502
    101 503
     97 504
    108 505
     89 506
    103 507
    103 508
     94 509
    104 510
     91 511
    106 512
     72 513
     84 514
     73 515
     82 516
     79 517
     80 518
     91 519
     80 520
     83 521
     70 522
     81 523
     67 524
     81 525
     61 526
     87 527
     74 528
     79 529
     82 530
     72 531
     73 532
     74 533
     77 534
     79 535
     65 536
     63 537
     60 538
     58 539
     77 540
     52 541
     74 542
     72 543
     56 544
     72 545
     73 546
     53 547
     68 548
     59 549
     70 550
     70 551
     67 552
     65 553
     59 554
     69 555
     60 556
     62 557
     53 558
     50 559
     69 560
     60 561
     70 562
     51 563
     66 564
     60 565
     54 566
     40 567
     52 568
     69 569
     54 570
     52 571
     54 572
     61 573
     63 574
     55 575
     60 576
     48 577
     46 578
     48 579
     54 580
     58 581
     51 582
     42 583
     47 584
     50 585
     63 586
     54 587
     43 588
     49 589
     44 590
     52 591
     48 592
     44 593
     43 594
     53 595
     35 596
     46 597
     33 598
     45 599
     54 600
     43 601
     46 602
     49 603
     47 604
     45 605
     41 606
     38 607
     44 608
     42 609
     44 610
     53 611
     35 612
     43 613
     38 614
     39 615
     27 616
     37 617
     29 618
     40 619
     43 620
     33 621
     35 622
     43 623
     31 624
     39 625
     41 626
     34 627
     33 628
     42 629
     35 630
     28 631
     35 632
     36 633
     37 634
     32 635
     24 636
     29 637
     42 638
     43 639
     40 640
     27 641
     46 642
     34 643
     30 644
     40 645
     33 646
     41 647
     32 648
     31 649
     34 650
     25 651
     32 652
     25 653
     33 654
     32 655
     22 656
     31 657
     29 658
     24 659
     21 660
     32 661
     38 662
     28 663
     33 664
     27 665
     39 666
     25 667
     29 668
     30 669
     37 670
     32 671
     33 672
     36 673
     31 674
     35 675
     40 676
     38 677
     27 678
     32 679
     32 680
     24 681
     38 682
     31 683
     30 684
     29 685
     26 686
     43 687
     34 688
     30 689
     29 690
     34 691
     27 692
     23 693
     28 694
     22 695
     26 696
     21 697
     34 698
     31 699
     33 700
     30 701
     27 702
     33 703
     27 704
     19 705
     33 706
     38 707
     21 708
     21 709
     31 710
     22 711
     22 712
     23 713
     39 714
     32 715
     23 716
     33 717
     22 718
     28 719
     22 720
     25 721
     24 722
     25 723
     27 724
     26 725
     34 726
     26 727
     26 728
     26 729
     30 730
     43 731
     33 732
     23 733
     19 734
     35 735
     21 736
     27 737
     35 738
     20 739
     21 740
     28 741
     19 742
     32 743
     18 744
     22 745
     25 746
     18 747
     27 748
     28 749
     20 750
     22 751
     26 752
     26 753
     29 754
     27 755
     20 756
     23 757
     16 758
     30 759
     19 760
     29 761
     31 762
     21 763
     23 764
     34 765
     23 766
     26 767
     28 768
     23 769
     21 770
     30 771
     20 772
     26 773
     19 774
     33 775
     23 776
     21 777
     22 778
     16 779
     25 780
     22 781
     30 782
     21 783
     20 784
     23 785
     29 786
     28 787
     24 788
     18 789
     17 790
     21 791
     30 792
     34 793
     29 794
     20 795
     18 796
     27 797
     23 798
     29 799
     17 800
     20 801
     34 802
     28 803
     20 804
     25 805
     27 806
     27 807
     16 808
     27 809
     28 810
     27 811
     24 812
     16 813
     17 814
     22 815
     20 816
     25 817
     14 818
     20 819
     27 820
     22 821
     26 822
     28 823
     16 824
     25 825
     14 826
     25 827
     30 828
     24 829
     24 830
     16 831
     25 832
     19 833
     18 834
     33 835
     21 836
     19 837
     21 838
     17 839
     23 840
      9 841
     30 842
     20 843
     19 844
     24 845
     24 846
     21 847
     24 848
     16 849
     15 850
     28 851
     31 852
     12 853
     21 854
     23 855
     24 856
     18 857
     20 858
     21 859
     24 860
     23 861
     29 862
     20 863
     22 864
     14 865
     17 866
     18 867
     17 868
     20 869
     12 870
     20 871
     17 872
     19 873
     21 874
     21 875
     21 876
     21 877
     21 878
     13 879
     21 880
     13 881
     21 882
     20 883
     21 884
     14 885
     14 886
     10 887
     14 888
     21 889
     11 890
     14 891
     13 892
     21 893
     13 894
     18 895
     20 896
     20 897
     22 898
     23 899
     14 900
      9 901
     16 902
     15 903
     22 904
     20 905
     13 906
     22 907
     12 908
     17 909
     19 910
     11 911
     10 912
     14 913
     24 914
     14 915
     19 916
     14 917
     10 918
     22 919
     23 920
     10 921
     17 922
     18 923
     13 924
     15 925
     18 926
     13 927
     13 928
     17 929
     12 930
     20 931
     11 932
     14 933
     20 934
     18 935
     13 936
     22 937
     11 938
     15 939
     19 940
     13 941
     16 942
     21 943
     21 944
     18 945
     18 946
     15 947
     22 948
      9 949
     16 950
     13 951
      5 952
     14 953
     17 954
     13 955
     11 956
     18 957
     18 958
      8 959
     14 960
     18 961
      7 962
      9 963
      9 964
     15 965
     13 966
     13 967
     16 968
      8 969
      8 970
      9 971
     13 972
     12 973
     12 974
     18 975
     20 976
     11 977
     18 978
     18 979
     12 980
     14 981
     11 982
     15 983
     16 984
     14 985
     11 986
      8 987
     13 988
      7 989
     11 990
     12 991
     10 992
     19 993
     10 994
      6 995
      5 996
     16 997
     10 998
      9 999
     10 1000
     16 1001
     13 1002
     13 1003
      9 1004
     10 1005
     15 1006
     10 1007
     14 1008
     13 1009
     16 1010
     10 1011
     12 1012
      8 1013
      9 1014
     17 1015
     10 1016
     16 1017
     13 1018
     12 1019
      9 1020
      9 1021
     11 1022
      9 1023
     16 1024
     11 1025
     18 1026
     12 1027
     10 1028
     10 1029
      8 1030
     11 1031
     14 1032
     12 1033
     12 1034
      8 1035
      4 1036
      6 1037
     14 1038
     10 1039
     11 1040
     13 1041
      8 1042
      9 1043
     11 1044
     11 1045
      7 1046
     10 1047
      9 1048
      7 1049
     12 1050
      5 1051
      6 1052
      6 1053
     12 1054
      4 1055
     15 1056
     12 1057
      7 1058
      9 1059
      7 1060
      9 1061
      5 1062
      8 1063
     12 1064
      5 1065
     11 1066
     11 1067
      8 1068
      6 1069
      8 1070
     10 1071
      7 1072
      9 1073
     10 1074
      5 1075
      8 1076
      9 1077
      5 1078
      8 1079
      3 1080
      9 1081
     10 1082
      6 1083
      9 1084
     14 1085
      5 1086
      6 1087
     15 1088
      6 1089
     13 1090
     11 1091
      5 1092
      9 1093
      6 1094
      8 1095
      8 1096
     12 1097
      6 1098
      6 1099
     10 1100
      7 1101
      8 1102
     10 1103
     11 1104
      4 1105
      7 1106
      7 1107
      6 1108
     11 1109
      8 1110
      2 1111
      6 1112
      4 1113
     10 1114
      3 1115
      5 1116
      4 1117
      6 1118
      7 1119
      4 1120
      8 1121
      4 1122
      5 1123
     10 1124
      7 1125
      2 1126
      7 1127
      4 1128
      5 1129
      8 1130
      5 1131
      5 1132
      8 1133
      9 1134
      6 1135
      4 1136
      2 1137
      2 1138
     10 1139
      6 1140
      8 1141
      7 1142
      9 1143
      2 1144
      1 1145
      9 1146
      6 1147
      6 1148
      7 1149
      2 1150
      2 1151
      6 1152
      9 1153
      9 1154
      8 1155
      2 1156
      4 1157
      9 1158
      8 1159
      6 1160
      6 1161
      4 1162
      3 1163
      8 1164
      7 1165
     12 1166
      5 1167
     11 1168
      7 1169
      9 1170
     10 1171
      4 1172
      1 1173
      5 1174
      6 1175
      5 1176
      3 1177
      3 1178
      3 1179
      4 1180
      4 1181
     10 1182
      6 1183
      3 1184
      6 1185
      6 1186
      5 1187
      7 1188
      5 1189
      6 1190
      5 1191
      8 1192
      5 1193
      6 1194
      8 1195
      2 1196
      1 1197
      4 1198
      7 1199
      3 1200
      7 1201
      6 1202
      4 1203
      5 1204
      4 1205
      5 1206
      6 1207
      2 1208
      3 1209
      5 1210
      3 1211
      4 1212
      3 1213
      3 1215
      2 1216
      3 1217
      4 1218
      4 1219
      3 1220
      3 1221
      3 1222
      3 1223
      1 1224
      4 1225
      7 1226
      4 1227
      4 1228
      2 1229
      3 1230
      1 1231
      3 1232
      1 1233
      6 1234
      3 1235
      7 1236
      4 1237
      5 1238
      8 1239
      3 1240
      3 1241
      1 1242
      3 1243
      5 1244
      9 1245
      3 1246
      4 1247
      3 1248
      2 1249
      5 1250
      2 1251
      2 1252
      3 1253
      2 1255
      2 1256
      1 1257
      3 1258
      5 1259
      4 1260
      5 1261
      1 1262
      4 1263
      1 1264
      2 1265
      1 1267
      1 1268
      2 1269
      2 1270
      7 1271
      2 1272
      4 1273
      7 1274
      2 1275
      2 1276
      3 1277
      3 1278
      3 1279
      6 1280
      1 1281
      1 1282
      3 1283
      3 1284
      4 1285
      4 1286
      2 1287
      3 1288
      2 1289
      1 1290
      3 1291
      4 1292
      1 1293
      3 1294
      5 1297
      3 1298
      3 1299
      3 1300
      2 1301
      3 1302
      3 1303
      3 1304
      2 1305
      1 1307
      2 1308
      5 1309
      5 1310
      1 1311
      5 1312
      3 1313
      2 1314
      2 1315
      2 1316
      1 1317
      2 1319
      3 1320
      3 1321
      3 1322
      1 1323
      2 1324
      3 1325
      2 1327
      2 1328
      4 1329
      4 1330
      2 1331
      4 1332
      2 1334
      3 1336
      6 1337
      2 1338
      2 1339
      3 1340
      6 1342
      3 1343
      2 1344
      4 1345
      2 1346
      2 1348
      1 1349
      4 1350
      1 1351
      2 1352
      1 1353
      1 1354
      2 1355
      5 1356
      5 1357
      8 1359
      2 1361
      2 1362
      1 1363
      2 1364
      1 1366
      4 1367
      4 1368
      4 1369
      1 1370
      2 1372
      3 1373
      3 1374
      1 1375
      2 1377
      1 1378
      4 1379
      1 1380
      1 1381
      3 1382
      1 1385
      2 1386
      2 1387
      1 1389
      1 1390
      3 1392
      1 1393
      1 1394
      2 1395
      1 1396
      1 1397
      2 1398
      1 1402
      2 1403
      1 1404
      1 1405
      2 1406
      1 1407
      3 1408
      1 1410
      2 1412
      1 1413
      2 1414
      1 1415
      4 1416
      3 1417
      3 1418
      4 1419
      5 1420
      6 1421
      5 1422
      8 1423
      2 1424
      9 1425
     11 1426
      8 1427
     18 1428
     11 1429
     12 1430
     18 1431
     12 1432
      9 1433
      8 1434
      7 1435
      1 1436
      1 1437
      3 1438
      2 1439
      1 1440
      3 1441
      1 1442
      1 1443
      1 1444
      2 1445
      4 1446
      1 1447
      2 1448
      1 1449
      1 1450
      1 1454
      1 1457
      1 1462
      1 1465
      2 1468
      1 1469
      1 1471
      1 1472
      2 1473
      1 1476
      1 1478
      2 1481
      1 1486
      1 1488
      2 1490
      2 1491
      1 1494
      2 1502
      1 1504
      1 1510
      2 1517
      1 1523
      2 1525
      1 1527
      1 1528
      2 1532
      2 1534
      1 1535
      1 1541
      1 1542
      1 1543
      2 1548
      1 1564
      1 1575
      1 1579
      1 1583
      2 1584
      1 1592
      1 1597
      1 1602
      1 1608
      1 1609
      1 1611
      1 1612
      1 1622
      1 1623
      2 1625
      1 1629
      1 1631
      1 1632
      1 1634
      1 1639
      1 1642
      1 1652
      2 1655
      1 1665
      1 1666
      1 1667
      1 1688
      1 1689
      1 1691
      1 1695
      1 1707
      1 1710
      1 1715
      1 1724
      1 1735
      1 1744
      1 1779
      1 1808
      1 1823
      1 1848
      1 1864
      1 1879
      1 1925
      1 1942
      1 1946
      1 1951
      1 2137
      1 2449
      1 2453
      1 2461
      1 2598
